1
10
1012
1016
1018
1021
1024
1029
1036
1039
1051
1054
106
107
1081
1092
1096
1098
11
11479
1150
1161
11639
1170
1183
1186
11865
11866
11867
11870
12
13
1387
1435
145
1462
1467
15
1508
1514
1515
1516
1517
1518
1519
152
1520
153
154
155
156
157
158
1586
159
1597
16
160
1601
161
162
163
1662
1667
1668
1669
1670
1671
169
16994
17
1702
1747
1756
177
178
1795
18
180
18088
181
182
1820
184
1845
1846
1852
1854
186
1921
196
1986
1987
1999
2
20
2017
2019
2020
2035
2041
20710
2093
2098
21
2101
2108
21221
213
214
21976
22
2206
22329
2234
2239
2259
2268
2281
2287
2290
2292
23
2320
2327
2331
2334
23508
23512
2362
2363
23658
2366
23665
23666
23669
23670
23673
2370
2371
23731
2375
2376
23770
23778
23783
2380
24007
24125
2415
2422
24248
24334
24336
24337
24341
24348
2436
2437
24397
244
24449
2445
24464
2447
2450
2454
2469
247
2471
2477
24784
24811
2489
24910
24918
24938
24979
25
25018
25019
25020
2512
2519
2525
2538
2543
2550
2563
2571
2589
2590
26
2602
2605
2630
2634
2642
2653
27
2709
2719
2721
28
2812
287
29
3
30
31
3101
32
33
34
35
36
3637
37
38
39
414
43
4358
44
45
453
46
5
540
62
64
65
66
67
68
69
691
7
70
71
72
73
74
743
744
75
76
77
78
79
8
80
81
82
83
84
85
853
86
87
88
9
93
9751
9775
